1751226774778305561
1751226823909401318
1751226833347828435
1751227006562852517
1751227016604098832
1751227025253072026
1751227100045059790
1751227100552358474
1751227101065460427
1751227101572904909
1751227102079168059
1751227102586469692
1751227103096223226
1751227103602722228
1751227104116537981
1751227104624573568
1751227105127993988
1751227105631586898
1751227106135078250
1751227106638622432
1751227107142165089
1751227107647402709
1751227108151622171
1751227108656406219
1751227109160467350
1751227109664693113
1751227110169267140
1751227110672737153
1751227111176172104
1751227111679554288
1751227112183338348
1751227112687277781
1751227113191330196
1751227113696027319
1751227114199774678
1751227114703823509
1751227115207106205
1751227115710866729
1751227116214879410
1751227116720377722
1751227117224482919
1751227117729218888
1751227118235238814
1751227118742049626
1751227119245849804
1751227119754014680
1751227120258822069
1751227120770839751
1751227121276833926
1751227121785520694
1751227122300759072
1751227122808213897
1751227123314429701
1751227123819309483
1751227124329529003
1751227124836103544
1751227125348854701
1751227125855791742
1751227126360236890
1751227126864441305
1751227127368237630
1751227127873766399
1751227128381044393
1751227128888811529
1751227129394956418
1751227129898736188
1751227130402597887
1751227130906847280
1751227131410934711
1751227131915393376
1751227132419582293
1751227132923278478
1751227133427525574
1751227133931481032
1751227134434885369
1751227134938281784
1751227135442006142
1751227135945582351
1751227136449057653
1751227136952857565
1751227137456465788
1751227137960211638
1751227138464630712
1751227138968239379
1751227139471997702
1751227139976594873
1751227140483543469
1751227140993592426
1751227141501810673
1751227142009865307
1751227142515866611
1751227143022049663
1751227143529649678
1751227144034514203
1751227144542612332
1751227145047885644
1751227145552007034
1751227146056758046
1751227146564188884
1751227147069912618
1751227147577467822
1751227148083927864
1751227148590143357
1751227149096689177
1751227149606275009
1751227150118412461
1751227150624617402
1751227164851649488
1751227165358378355
1751227165863780390
1751227166374796496
1751227166883124555
1751227167391553616
1751227167897460947
1751227168406923879
1751227168922448193
1751227169429030320
1751227169937498805
1751227170444433672
1751227170953663330
1751227171461513390
1751227245705534049
1751227246209152785
1751227246712674063
1751227247216332465
1751227247719735428
1751227248223046429
1751227248726686762
1751227249230045554
1751227300799779299
1751227301803231652
1751227302807923677
1751227303811489570
1751227315039966371
1751227316054056598
1751227317069128213
1751227318083294594
1751227319098761785
1751227320112780621
1751227321126455165
1751227322138828669
1751227323153400686
